-0.983587
-0.332555
-0.936611
-0.478164
0.597144
1.035960
-1.499881
-0.553266
0.010426
2.431283
0.516746
0.893297
1.890079
-0.637488
-0.314414
-0.672088
-0.346175
0.774422
0.591391
-1.362726
0.545998
-0.225989
0.344406
-0.619281
0.334409
1.405566
-0.830458
0.154600
0.773906
-2.386086
-1.368607
0.887942
0.241343
0.432658
0.417678
-2.073337
-0.060845
1.023714
1.441111
0.666499
-0.212150
1.006152
-1.044722
-0.418937
2.925310
0.652224
-0.951513
0.287372
0.780373
1.737606
-0.732355
1.180626
1.871520
-0.337394
2.744438
1.653312
5.290667
3.388706
2.708820
4.066137
4.314222
4.288323
5.931473
5.304825
6.482935
6.501193
8.599460
8.906559
10.599795
9.461510
10.555272
12.818215
12.103105
15.187288
17.585835
16.333048
16.739791
18.739047
18.403727
21.061626
20.168394
18.938151
19.717219
17.854605
17.842971
14.684242
13.221036
12.590457
8.536793
10.809548
6.169926
6.398702
3.555785
0.258936
2.034695
1.878415
-0.433014
-2.454799
-3.551240
-3.704375
-3.341551
-3.543077
-2.954003
-5.407593
-6.881661
-6.088519
-6.970036
-4.729855
-5.611852
-6.110394
-6.333120
-5.904266
-8.671191
-7.430974
-8.022123
-7.836694
-9.580819
-6.496661
-7.244572
-7.490701
-7.311307
-4.963078
-8.471360
-6.323964
-8.897459
-8.577719
-7.968698
-8.175541
-10.469136
-8.701988
-7.331789
-8.444635
-10.359391
-11.534648
-9.639797
-8.214287
-11.024244
-8.778717
-9.609002
-9.860399
-8.355764
-9.104042
-9.760291
-8.161072
-10.015234
-10.351791
-8.208080
-8.870695
-10.523270
-6.978792
-8.696299
-9.158177
-8.174693
-10.242876
-8.228378
-7.048020
-8.938056
-8.212725
-10.384704
-7.919710
-7.647908
-6.095632
-8.276804
-7.707536
-7.625880
-9.182760
-7.588728
-8.380017
-7.635220
-8.395100
-8.194723
-8.161884
-7.475038
-7.051196
-8.397761
-9.237619
-9.857429
-9.469004
-9.372692
-7.847852
-9.209204
-8.516881
-9.656654
-9.901406
-7.603436
-8.172298
-8.054037
-8.489253
-7.563626
-7.623345
-8.917097
-8.111831
-9.709248
-9.348965
-10.091798
-8.840281
-8.177394
-8.954501
-8.381142
-8.943453
-9.879800
-8.590310
-10.510342
-10.514457
-8.760690
-7.208965
-9.877003
-8.623256
-9.487799
-7.795918
-7.980189
-7.855624
-9.355031
-8.908477
-9.007167
-8.848057
-11.118799
-9.825217
-8.696917
-8.899344
-7.629736
-7.865751
-7.671374
-6.093117
-7.203586
-7.997339
-8.258847
-5.746209
-7.060215
-8.489089
-7.706291
-7.965601
-7.900378
-8.999102
-9.754932
-9.325765
-7.342948
-8.014742
-9.679966
-8.201227
-6.100853
-7.024955
-6.391931
-8.835985
-9.506909
-7.120395
-7.981852
-7.653385
-9.144002
-10.508264
-6.488955
-8.838600
-9.714437
-8.937676
-9.437322
-8.583745
-7.901362
-7.874754
-11.082637
-7.015301
-8.408365
-9.573720
-9.109085
-8.576887
-8.883711
-9.910597
-7.517249
-9.439924
-8.686981
-8.454364
-10.696711
-9.119462
-7.842518
-7.283180
-8.459144
-8.913748
-7.504985
-8.846386
-9.663747
-10.052579
-7.697467
-9.425799
-7.964488
-7.112261
-8.454280
-8.151938
-6.792835
-9.289911
-7.610098
-8.057627
-6.522066
-8.546325
-7.917645
-8.422011
-7.583359
-7.602684
-8.295322
-8.136224
-8.799767
-8.435570
-7.801497
-6.739371
-8.474871
-8.553081
-7.847006
-7.779467
-9.361074
-7.507509
-7.184084
-8.675929
-10.511007
-5.791388
-8.651671
-8.414769
-10.286709
-8.983814
-8.899991
-8.057486
-9.719484
-11.504866
-9.543838
-10.260632
-8.826617
-9.118720
-10.208823
-10.184930
-10.331179
-9.735808
-9.992531
-6.339021
-9.893793
-8.847091
-9.436068
-8.586725
-7.881184
-10.314294
-9.129631
-9.225353
-7.850483
-8.683925
-9.146877
-6.709593
-8.427758
-9.026649
-8.210924
-8.498700
-8.475226
-8.888055
-7.402939
-7.316897
-7.374548
-7.646228
-7.644505
-6.311184
-8.017044
-7.941215
-7.905368
-10.638422
-8.035370
-7.149772
-8.490082
-8.331730
-6.600955
-8.480396
-6.795025
-9.459347
-7.836121
-7.542396
-8.600371
-7.475603
-8.208374
-8.313598
-8.752172
-9.748369
-8.770773
-10.346153
-10.352883
-8.858964
-9.246801
-8.995417
-8.379868
-9.700637
-10.445294
-9.799845
-9.962970
-8.697222
-8.589303
-9.784258
-8.248095
-9.334762
-7.576511
-9.260309
-10.970894
-10.388354
-10.879939
-8.950936
-8.283075
-8.926129
-8.689502
-7.207360
-8.617415
-7.633394
-7.995680
-8.311095
-7.525674
-7.831557
-8.110182
-7.162852
-7.323463
-8.413404
-8.235338
-9.475671
-7.618713
-7.896505
-6.799310
-6.451544
-8.268552
-7.235655
-5.719675
-7.199094
-7.538279
-7.373572
-8.634399
-8.173237
-8.270902
-9.738648
-8.873905
-8.341147
-8.233860
-7.962142
-7.952530
-8.104077
-9.234876
-8.422459
-11.095251
-6.139826
-7.517453
-10.092051
-7.757327
-8.378530
-9.100400
-8.521084
-9.357859
-8.438980
-9.331159
-9.525791
-7.643135
-10.427497
-9.911160
-9.505012
-9.906935
-9.231203
-9.271665
-8.087636
-10.898399
-11.847744
-7.487580
-8.949658
-9.435510
-7.404090
-9.265908
-8.590107
-8.534326
-9.641485
-8.968553
-6.990564
-9.604341
-8.249350
-8.691469
-8.450718
-7.725431
-5.737312
-7.894880
-7.020061
-5.828015
-7.739379
-9.809861
-7.797425
-7.381832
-5.804928
-7.679425
-7.614272
-7.403596
-8.974309
-7.636432
-8.368501
-7.402635
-8.988115
-8.627883
-7.536751
-8.968107
-8.066703
-9.026615
-7.747911
-7.860893
-8.684843
-8.594067
-7.771593
-11.416283
-9.865008
-10.121499
-9.161951
-10.325255
-9.006269
-8.134620
-8.590789
-9.643176
-10.040918
-9.254280
-9.676034
-11.492117
-9.442476
-10.057560
-9.514958
-8.642339
-10.581678
-9.973085
-10.709746
-9.711875
-9.744998
-9.820257
-8.274171
-6.251659
-8.518127
-8.366013
-7.452442
-7.008657
-7.533912
-8.265226
-8.371469
-9.080266
-7.229552
-7.389600
-8.301738
-6.808824
-6.058328
-9.443929
-7.779364
-7.886151
-6.047369
-6.169909
-9.517147
-9.921607
-8.433646
-8.097154
-4.548712
-8.444699
-7.514130
-7.795465
-7.272070
-7.754233
-9.073905
-7.014255
-7.770199
-10.589089
-7.707092
-9.154574
-8.924623
-9.805071
-8.980386
-10.573832
-6.514575
-8.204396
-8.694491
-8.902154
-9.817142
-11.689690
-10.345562
-9.883165
-8.866510
-9.679504
-9.209342
-10.247137
-9.650839
-9.783354
-10.597520
-9.891479
-9.255889
-9.742201
-10.080268
-9.541420
-7.254567
-10.324089
-10.797710
-10.551154
-6.751584
-9.733293
-9.234636
-8.818546
-9.276055
-8.120350
-8.558135
-7.858801
-7.416591
-6.534601
-8.911989
-6.699192
-6.884725
-6.301520
-7.791743
-8.379710
-7.009019
-6.558837
-6.421056
-7.785094
-7.392017
-7.533499
-6.888221
-7.267836
-6.924847
-7.742811
-8.500908
-8.569424
-7.799989
-7.968363
-10.006287
-7.887343
-8.270462
-9.353668
-8.894457
-8.850642
-7.439723
-10.067229
-9.980025
-9.803528
-9.183895
-7.797662
-8.861200
-8.663566
-10.100919
-11.574896
-9.661648
-8.484632
-10.020405
-8.796214
-11.054531
-11.218917
-10.217556
-7.787810
-9.623014
-10.318926
-8.992390
-7.700093
-9.120618
-8.949681
-8.863963
-8.368863
-6.388898
-7.420571
-8.335409
-8.662135
-7.069795
-6.986146
-6.770962
-8.366769
-7.224381
-5.768630
-6.083004
-7.859195
-7.051466
-6.095974
-8.235354
-6.083843
-6.397236
-7.691551
-7.729608
-6.224680
-7.376131
-5.971020
-8.368547
-7.171066
-6.924755
-7.976024
-7.300276
-7.566384
-7.310083
-8.611005
-8.955001
-7.256073
-8.232552
-8.564918
-9.358195
-9.528676
-7.469512
-9.907966
-8.297227
-8.600976
-7.983527
-11.221018
-8.186182
-9.918145
-9.074695
-10.948738
-9.800820
-7.684237
-8.622809
-9.454476
-10.245382
-10.108904
-10.523907
-10.150516
-10.965248
-8.902972
-10.240680
-7.972422
-8.771353
-7.842458
-8.364319
-7.528590
-8.973521
-7.593921
-7.694666
-8.764221
-8.940902
-9.226615
-7.863904
-7.303350
-7.460641
-6.343327
-7.570782
-6.695934
-8.431759
-6.275044
-9.579983
-8.519660
-6.603647
-6.166018
-6.950540
-4.927069
-6.932738
-7.248670
-5.811871
-7.976047
-6.794122
-7.490577
-8.177790
-7.436067
-7.890105
-7.557760
-8.748630
-8.790562
-8.199197
-10.446529
-8.931835
-9.792547
-8.375516
-9.066821
-8.940402
-8.499051
-9.007439
-10.057443
-7.222510
-11.430889
-9.997092
-9.510532
-8.360312
-10.200732
-9.957424
-9.706625
-10.020551
-9.404822
-9.780654
-8.046483
-9.670348
-8.430727
-9.115165
-9.267065
-9.299326
-6.409370
-9.570135
-9.474910
-7.244585
-8.728797
-7.075155
-6.791843
-6.226007
-5.346881
-9.260977
-6.453181
-7.017645
-8.448351
-7.835991
-7.102221
-7.909869
-6.412836
-6.653607
-7.268019
-7.690707
-6.605881
-7.763228
-7.571692
-6.954642
-7.859043
-6.937089
-9.445773
-8.782256
-6.614028
-9.325487
-6.438461
-7.914717
-8.165483
-8.933823
-9.703884
-8.521025
-7.910746
-10.186300
-9.415670
-8.806352
-8.945737
-8.820264
-8.637958
-8.706342
-10.576976
-9.899799
-10.191510
-8.989379
-9.741831
-9.121061
-9.361338
-9.477885
-11.740230
-10.913635
-11.796936
-11.509869
-10.590191
-8.946855
-10.567367
-9.053416
-8.911421
-9.860662
-10.368718
-11.198723
-9.361740
-7.663943
-7.240064
-10.020188
-7.906712
-8.475111
-8.402915
-6.295053
-5.374945
-5.993633
-6.936579
-6.551846
-6.326542
-6.888154
-5.856259
-6.013552
-7.235916
-7.256000
-5.150667
-6.567199
-4.538084
-7.547033
-4.243990
-6.372543
-7.908372
-6.369211
-7.977163
-8.956392
-8.117655
-7.491556
-8.392663
-8.071210
-9.937704
-7.487523
-7.611333
-9.025180
-8.795262
-8.692324
-9.862511
-8.479672
-8.458700
-11.148670
-10.242360
-9.896048
-9.109928
-9.916164
-8.739734
-11.018747
-10.541274
-8.762049
-11.677577
-11.349903
-9.898092
-9.414686
-10.213499
-10.137402
-8.827042
-9.864631
-9.454350
-10.229620
-10.849014
-8.402650
-7.339793
-9.861202
-8.382212
-7.183448
-7.654399
-7.836865
-6.855308
-6.528050
-7.311556
-7.213093
-6.616244
-6.270149
-8.305281
-7.013985
-8.043411
-6.526551
-5.320418
-6.977034
-6.193035
-6.750026
-7.148532
-5.420333
-5.854946
-8.318193
-6.045474
-6.131433
-7.981484
-8.123790
-7.175679
-10.005684
-7.129754
-8.629092
-9.551718
-6.177000
-8.437670
-7.585321
-7.460586
-8.740868
-9.396736
-10.023937
-6.371537
-9.571726
-9.855499
-11.086258
-11.428685
-10.376177
-9.926474
-10.021843
-9.542996
-10.231175
-8.743745
-10.110601
-10.033617
-11.285995
-12.166209
-10.360350
-9.352066
-9.825428
-9.192217
-8.352800
-8.178630
-8.369874
-8.521616
-9.360509
-6.697196
-8.110082
-8.366540
-8.990323
-8.027636
-5.669480
-8.083642
-6.761383
-6.428318
-3.546052
-7.267970
-7.148287
-7.970921
-4.082870
-7.320470
-6.658796
-6.724868
-4.696712
-7.046318
-7.131295
-6.242694
-5.515305
-6.804635
-8.733628
-6.947216
-6.318697
-7.471964
-6.434506
-7.644640
-6.417497
-6.580606
-8.935926
-6.803949
-7.338119
-8.467093
-9.028863
-9.260526
-8.178084
-9.968964
-10.364990
-10.380584
-9.720306
-10.709173
